0111000000011111111100000
0000000000011111111100001
0100000000000111111100001
1100000110000000000100001
0000000000110000100000010
1100000110000000001000011
1100000110000000001000010
1100000000000000000000000
1100000000000000000000000
0000111111111111111100000
1100000110000000000000000
0001111111111111111100001
1100000110000000000100001
1100000101000000000100100
1100000011000000000100101
1100000011000000010000110
1100000000000000000000000
1100000000000000000000000
1100000000000000000000000
1100000000000000000000000
1100000000000000000000000
1000000011000100000101010
1001000001000100001101011
1000100100000100000101100
1001100001000100010001101
1100000000000000000000000
1100000000000000000000000
1100000000000000000000000
1100000000000000000000000
1010000011000100000101110
1010100001000100001101111
1011001100010110101010000
1011101010010110110010001
1100000000000000000000000
1100000000000000000000000
1100000000000000000000000
1100000000000000000000000
1100000001001010001110010
1100000010001010000110011
1100000100000100000110100
1100000000000000000000000
1100000000000000000000000
1100000000000000000000000
1100000000000000000000000
1100000111011000101110101
1100001000011100110110110
1100001001100000111110111
1100000000000000000000000
1100000000000000000000000
1100000000000000000000000
1100000000000000000000000
1100001010000100000111000
1100001011001000001111001
1100001100000000010111010
1100000000000000000000000
1100000000000000000000000
1100000000000000000000000
1100000000000000000000000
1100001101000100000111011
1100001110000110001011100
1100001111000010001111101
1100000000000000000000000
1100000000000000000000000
1100000000000000000000000
